=== Run information ===

Scheme:weka.classifiers.functions.Logistic -R 1.0E-8 -M -1
Relation: all_features_train-weka.filters.unsupervised.attribute.Discretize-unset-class-temporarily-B2-M-1.0-Rlast
Instances:4463
Attributes:84
              0
              1
              2
              3
              4
              5
              6
              7
              8
              9
              10
              11
              12
              13
              14
              15
              16
              17
              18
              19
              20
              21
              22
              23
              24
              25
              26
              27
              28
              29
              30
              31
              32
              33
              34
              35
              36
              37
              38
              39
              40
              41
              42
              43
              44
              45
              46
              47
              48
              49
              50
              51
              52
              53
              54
              55
              56
              57
              58
              59
              60
              61
              62
              63
              64
              65
              66
              67
              68
              69
              70
              71
              72
              73
              74
              75
              76
              77
              78
              79
              80
              81
              82
              83
Test mode:evaluate on training data

=== Classifier model (full training set) ===

Logistic Regression with ridge parameter of 1.0E-8
Coefficients...
                              Class
Variable               '(-inf-0.5]'
===================================
0                           -27.976
1                           -3.1568
2                          -14.5037
3                           20.6953
4                           54.9292
5                           11.0905
6                          -21.0006
7                          -28.6687
8                           11.6519
9                           26.7019
10                          25.1951
11                           9.5977
12                          -27.976
13                          -3.1568
14                         -14.5037
15                          20.6953
16                          54.9292
17                          11.0905
18                         -21.0006
19                         -28.6687
20                          11.6519
21                          26.7019
22                          25.1951
23                           9.5977
24                           0.6822
25                           1.7506
26                           0.4297
27                           0.5352
28                           0.2026
29                           0.9929
30                            0.446
31                           0.7697
32                           0.4874
33                           0.1917
34                            0.317
35                          -0.0499
36                          -0.1954
37                         -17.2723
38                          -1.8538
39                           1.1077
40                           0.5261
41                           1.7961
42                           0.1464
43                          -2.3711
44                           1.3717
45                          -2.7676
46                           0.4669
47                           -0.609
48                           1.5382
49                           0.6718
50                         -18.3247
51                        -601.2087
52                         394.8385
53                         287.1405
54                        -242.7319
55                           572.69
56                         1218.198
57                          -18.913
58                       -1323.7277
59                        -870.9908
60                         191.1434
61                         483.2936
62                         314.3455
63                         143.2511
64                           9.1851
65                          -14.524
66                         -35.8537
67                        -208.5523
68                        -303.5022
69                        -116.2189
70                         122.0307
71                          -27.976
72                          -3.1568
73                         -14.5037
74                          20.6953
75                          54.9291
76                          11.0905
77                         -21.0006
78                         -28.6687
79                          11.6519
80                          26.7019
81                          25.1951
82                           9.5977
Intercept                     0.032


Odds Ratios...
                              Class
Variable               '(-inf-0.5]'
===================================
0                                 0
1                            0.0426
2                                 0
3                    972390553.7034
4               7.16851987919525E23
5                        65542.9272
6                                 0
7                                 0
8                        114913.644
9             3.9491664513249445E11
10             8.751812534196158E10
11                       14730.8524
12                                0
13                           0.0426
14                                0
15                   972390538.1386
16             7.168518668540979E23
17                       65542.9271
18                                0
19                                0
20                      114913.6426
21             3.949166368897855E11
22              8.75181238989125E10
23                       14730.8529
24                           1.9783
25                            5.758
26                           1.5369
27                           1.7077
28                           1.2245
29                            2.699
30                           1.5621
31                           2.1591
32                            1.628
33                           1.2114
34                            1.373
35                           0.9513
36                           0.8225
37                                0
38                           0.1566
39                           3.0274
40                           1.6923
41                            6.026
42                           1.1577
43                           0.0934
44                           3.9419
45                           0.0628
46                           1.5951
47                           0.5439
48                           4.6562
49                           1.9577
50                                0
51                                0
52            2.993625470877157E171
53            5.052607355294824E124
54                                0
55            5.201194524356118E248
56                         Infinity
57                                0
58                                0
59                                0
60            1.0292954299127159E83
61            7.793313964071944E209
62           3.2999692166651815E136
63            1.6336664223200332E62
64                        9750.8059
65                                0
66                                0
67                                0
68                                0
69                                0
70              9.93710324294262E52
71                                0
72                           0.0426
73                                0
74                    972387344.771
75              7.16846233761291E23
76                       65542.7881
77                                0
78                                0
79                      114913.2563
80            3.9491513186713367E11
81             8.751748432242447E10
82                       14730.8836


Time taken to build model: 1.57seconds

=== Evaluation on training set ===
=== Summary ===

Correctly Classified Instances        2737               61.3265 %
Incorrectly Classified Instances      1726               38.6735 %
Kappa statistic                          0.2264
Mean absolute error                      0.4643
Root mean squared error                  0.4818
Relative absolute error                 92.8588 %
Root relative squared error             96.3671 %
Total Number of Instances             4463     

=== Detailed Accuracy By Class ===

               TP Rate   FP Rate   Precision   Recall  F-Measure   ROC Area  Class
                 0.605     0.379      0.611     0.605     0.608      0.652    '(-inf-0.5]'
                 0.621     0.395      0.615     0.621     0.618      0.652    '(0.5-inf)'
Weighted Avg.    0.613     0.387      0.613     0.613     0.613      0.652

=== Confusion Matrix ===

    a    b   <-- classified as
 1341  874 |    a = '(-inf-0.5]'
  852 1396 |    b = '(0.5-inf)'

